2.216000000000000000e+03
2.582000000000000000e+03
2.307000000000000000e+03
2.785000000000000000e+03
2.568000000000000000e+03
2.442000000000000000e+03
2.691000000000000000e+03
2.719000000000000000e+03
2.974000000000000000e+03
3.264000000000000000e+03
2.851000000000000000e+03
3.150000000000000000e+03
3.041000000000000000e+03
3.571000000000000000e+03
3.488000000000000000e+03
3.350000000000000000e+03
3.626000000000000000e+03
3.541000000000000000e+03
3.661000000000000000e+03
3.798000000000000000e+03
4.067000000000000000e+03
4.187000000000000000e+03
3.724000000000000000e+03
3.877000000000000000e+03
4.035000000000000000e+03
4.098000000000000000e+03
4.313000000000000000e+03
4.256000000000000000e+03
4.684000000000000000e+03
4.241000000000000000e+03
4.237000000000000000e+03
4.490000000000000000e+03
4.707000000000000000e+03
4.612000000000000000e+03
4.881000000000000000e+03
4.729000000000000000e+03
4.997000000000000000e+03
4.880000000000000000e+03
5.090000000000000000e+03
5.193000000000000000e+03
5.106000000000000000e+03
5.482000000000000000e+03
5.432000000000000000e+03
5.702000000000000000e+03
5.670000000000000000e+03
5.473000000000000000e+03
5.747000000000000000e+03
5.523000000000000000e+03
5.379000000000000000e+03
6.003000000000000000e+03
5.551000000000000000e+03
5.668000000000000000e+03
5.782000000000000000e+03
5.699000000000000000e+03
5.944000000000000000e+03
5.649000000000000000e+03
5.952000000000000000e+03
6.160000000000000000e+03
6.006000000000000000e+03
6.350000000000000000e+03
6.054000000000000000e+03
6.248000000000000000e+03
6.582000000000000000e+03
6.660000000000000000e+03
6.730000000000000000e+03
6.699000000000000000e+03
6.926000000000000000e+03
6.822000000000000000e+03
6.708000000000000000e+03
6.771000000000000000e+03
7.007000000000000000e+03
6.907000000000000000e+03
7.303000000000000000e+03
7.196000000000000000e+03
7.008000000000000000e+03
7.458000000000000000e+03
7.045000000000000000e+03
7.349000000000000000e+03
7.227000000000000000e+03
7.439000000000000000e+03
7.593000000000000000e+03
7.658000000000000000e+03
7.890000000000000000e+03
7.792000000000000000e+03
7.921000000000000000e+03
8.060000000000000000e+03
8.296000000000000000e+03
8.198000000000000000e+03
8.330000000000000000e+03
8.321000000000000000e+03
8.637000000000000000e+03
8.688000000000000000e+03
8.592000000000000000e+03
8.809000000000000000e+03
8.971000000000000000e+03
9.102000000000000000e+03
9.077000000000000000e+03
9.474000000000000000e+03
9.240000000000000000e+03
9.197000000000000000e+03
9.430000000000000000e+03
9.576000000000000000e+03
1.006800000000000000e+04
9.816000000000000000e+03
9.859000000000000000e+03
1.002200000000000000e+04
1.008200000000000000e+04
1.041700000000000000e+04
1.029900000000000000e+04
1.058100000000000000e+04
1.046500000000000000e+04
1.032400000000000000e+04
1.049900000000000000e+04
1.075100000000000000e+04
1.108400000000000000e+04
1.080000000000000000e+04
1.122600000000000000e+04
1.093100000000000000e+04
1.154100000000000000e+04
1.116300000000000000e+04
1.132400000000000000e+04
1.140700000000000000e+04
1.156900000000000000e+04
1.181400000000000000e+04
1.171700000000000000e+04
1.196300000000000000e+04
1.194900000000000000e+04
1.219600000000000000e+04
1.227400000000000000e+04
1.235200000000000000e+04
1.243000000000000000e+04
1.250800000000000000e+04
1.258600000000000000e+04
1.266400000000000000e+04
1.274200000000000000e+04
1.282000000000000000e+04
1.289800000000000000e+04
1.297600000000000000e+04
1.305400000000000000e+04
1.313200000000000000e+04
1.321000000000000000e+04
1.328800000000000000e+04
1.336600000000000000e+04
1.344400000000000000e+04
1.352200000000000000e+04
1.360000000000000000e+04
1.367800000000000000e+04
1.375600000000000000e+04
1.383400000000000000e+04
1.391200000000000000e+04
1.399000000000000000e+04
1.406800000000000000e+04
1.414600000000000000e+04
1.422400000000000000e+04
1.430200000000000000e+04
1.438000000000000000e+04
1.445800000000000000e+04
1.453600000000000000e+04
1.461400000000000000e+04
1.469200000000000000e+04
1.477000000000000000e+04
1.484800000000000000e+04
1.492600000000000000e+04
1.500400000000000000e+04
1.508200000000000000e+04
1.516000000000000000e+04
1.523800000000000000e+04
1.531600000000000000e+04
1.539400000000000000e+04
1.547200000000000000e+04
1.555000000000000000e+04
1.562800000000000000e+04
1.570600000000000000e+04
1.578400000000000000e+04
1.586200000000000000e+04
1.594000000000000000e+04
1.601800000000000000e+04
1.609600000000000000e+04
1.617400000000000000e+04
1.625200000000000000e+04
1.633000000000000000e+04
1.640800000000000000e+04
1.648600000000000000e+04
1.656400000000000000e+04
1.664200000000000000e+04
1.672000000000000000e+04
1.679800000000000000e+04
1.687600000000000000e+04
1.695400000000000000e+04
1.703200000000000000e+04
1.711000000000000000e+04
1.718800000000000000e+04
1.726600000000000000e+04
1.734400000000000000e+04
1.742200000000000000e+04
1.750000000000000000e+04
1.757800000000000000e+04
1.765600000000000000e+04
1.773400000000000000e+04
1.781200000000000000e+04
1.789000000000000000e+04
1.796800000000000000e+04
1.804600000000000000e+04
1.812400000000000000e+04
1.820200000000000000e+04
1.828000000000000000e+04
1.835800000000000000e+04
1.843600000000000000e+04
1.851400000000000000e+04
1.859200000000000000e+04
1.867000000000000000e+04
1.874800000000000000e+04
1.882600000000000000e+04
1.890400000000000000e+04
1.898200000000000000e+04
1.906000000000000000e+04
1.913800000000000000e+04
1.921600000000000000e+04
1.929400000000000000e+04
1.937200000000000000e+04
1.945000000000000000e+04
1.952800000000000000e+04
1.960600000000000000e+04
1.968400000000000000e+04
1.976200000000000000e+04
1.984000000000000000e+04
1.991800000000000000e+04
1.999600000000000000e+04
2.007400000000000000e+04
2.015200000000000000e+04
2.023000000000000000e+04
2.030800000000000000e+04
2.038600000000000000e+04
2.046400000000000000e+04
2.054200000000000000e+04
2.062000000000000000e+04
2.069800000000000000e+04
2.077600000000000000e+04
2.085400000000000000e+04
2.093200000000000000e+04
2.101000000000000000e+04
2.108800000000000000e+04
2.116600000000000000e+04
2.124400000000000000e+04
2.132200000000000000e+04
2.140000000000000000e+04
2.147800000000000000e+04
2.155600000000000000e+04
2.163400000000000000e+04
2.171200000000000000e+04
2.179000000000000000e+04
2.186800000000000000e+04
2.194600000000000000e+04
2.202400000000000000e+04
2.210200000000000000e+04
2.218000000000000000e+04
2.225800000000000000e+04
2.233600000000000000e+04
2.241400000000000000e+04
2.249200000000000000e+04
2.257000000000000000e+04
2.264800000000000000e+04
2.272600000000000000e+04
2.280400000000000000e+04
2.288200000000000000e+04
2.296000000000000000e+04
2.303800000000000000e+04
2.311600000000000000e+04
2.319400000000000000e+04
2.327200000000000000e+04
2.335000000000000000e+04
2.342800000000000000e+04
2.350600000000000000e+04
2.358400000000000000e+04
2.366200000000000000e+04
2.374000000000000000e+04
2.381800000000000000e+04
2.389600000000000000e+04
2.397400000000000000e+04
2.405200000000000000e+04
2.413000000000000000e+04
2.420800000000000000e+04
2.428600000000000000e+04
2.436400000000000000e+04
2.444200000000000000e+04
2.452000000000000000e+04
2.459800000000000000e+04
2.467600000000000000e+04
2.475400000000000000e+04
2.483200000000000000e+04
2.491000000000000000e+04
2.498800000000000000e+04
2.506600000000000000e+04
2.514400000000000000e+04
2.522200000000000000e+04
2.530000000000000000e+04
2.537800000000000000e+04
2.545600000000000000e+04
2.553400000000000000e+04
2.561200000000000000e+04
2.569000000000000000e+04
2.576800000000000000e+04
2.584600000000000000e+04
2.592400000000000000e+04
2.600200000000000000e+04
2.608000000000000000e+04
2.615800000000000000e+04
2.623600000000000000e+04
2.631400000000000000e+04
2.639200000000000000e+04
2.647000000000000000e+04
2.654800000000000000e+04
2.662600000000000000e+04
2.670400000000000000e+04
2.678200000000000000e+04
2.686000000000000000e+04
2.693800000000000000e+04
2.701600000000000000e+04
2.709400000000000000e+04
2.717200000000000000e+04
2.725000000000000000e+04
2.732800000000000000e+04
2.740600000000000000e+04
2.748400000000000000e+04
2.756200000000000000e+04
2.764000000000000000e+04
2.771800000000000000e+04
2.779600000000000000e+04
2.787400000000000000e+04
2.795200000000000000e+04
2.803000000000000000e+04
2.810800000000000000e+04
2.818600000000000000e+04
2.826400000000000000e+04
2.834200000000000000e+04
2.842000000000000000e+04
2.849800000000000000e+04
2.857600000000000000e+04
2.865400000000000000e+04
2.873200000000000000e+04
2.881000000000000000e+04
2.888800000000000000e+04
2.896600000000000000e+04
2.904400000000000000e+04
2.912200000000000000e+04
2.920000000000000000e+04
2.927800000000000000e+04
2.935600000000000000e+04
2.943400000000000000e+04
2.951200000000000000e+04
2.959000000000000000e+04
2.966800000000000000e+04
2.974600000000000000e+04
2.982400000000000000e+04
2.990200000000000000e+04
2.998000000000000000e+04
3.005800000000000000e+04
3.013600000000000000e+04
3.021400000000000000e+04
3.029200000000000000e+04
3.037000000000000000e+04
3.044800000000000000e+04
3.052600000000000000e+04
3.060400000000000000e+04
3.068200000000000000e+04
3.076000000000000000e+04
3.083800000000000000e+04
3.091600000000000000e+04
3.099400000000000000e+04
3.107200000000000000e+04
3.115000000000000000e+04
3.122800000000000000e+04
3.130600000000000000e+04
3.138400000000000000e+04
3.146200000000000000e+04
3.154000000000000000e+04
3.161800000000000000e+04
3.169600000000000000e+04
3.177400000000000000e+04
3.185200000000000000e+04
3.193000000000000000e+04
3.200800000000000000e+04
3.208600000000000000e+04
3.216400000000000000e+04
3.224200000000000000e+04
3.232000000000000000e+04
3.239800000000000000e+04
3.247600000000000000e+04
3.255400000000000000e+04
3.263200000000000000e+04
3.271000000000000000e+04
3.278800000000000000e+04
3.286600000000000000e+04
3.294400000000000000e+04
3.302200000000000000e+04
3.310000000000000000e+04
3.317800000000000000e+04
3.325600000000000000e+04
3.333400000000000000e+04
3.341200000000000000e+04
3.349000000000000000e+04
3.356800000000000000e+04
3.364600000000000000e+04
3.372400000000000000e+04
3.380200000000000000e+04
3.388000000000000000e+04
3.395800000000000000e+04
3.403600000000000000e+04
3.411400000000000000e+04
3.419200000000000000e+04
3.427000000000000000e+04
3.434800000000000000e+04
3.442600000000000000e+04
3.450400000000000000e+04
3.458200000000000000e+04
3.466000000000000000e+04
3.473800000000000000e+04
3.481600000000000000e+04
3.489400000000000000e+04
3.497200000000000000e+04
3.505000000000000000e+04
3.512800000000000000e+04
3.520600000000000000e+04
3.528400000000000000e+04
3.536200000000000000e+04
3.544000000000000000e+04
3.551800000000000000e+04
3.559600000000000000e+04
3.567400000000000000e+04
3.575200000000000000e+04
3.583000000000000000e+04
3.590800000000000000e+04
3.598600000000000000e+04
3.606400000000000000e+04
3.614200000000000000e+04
3.622000000000000000e+04
3.629800000000000000e+04
3.637600000000000000e+04
3.645400000000000000e+04
3.653200000000000000e+04
3.661000000000000000e+04
3.668800000000000000e+04
3.676600000000000000e+04
3.684400000000000000e+04
3.692200000000000000e+04
3.700000000000000000e+04
3.707800000000000000e+04
3.715600000000000000e+04
3.723400000000000000e+04
3.731200000000000000e+04
3.739000000000000000e+04
3.746800000000000000e+04
3.754600000000000000e+04
3.762400000000000000e+04
3.770200000000000000e+04
3.778000000000000000e+04
3.785800000000000000e+04
3.793600000000000000e+04
3.801400000000000000e+04
3.809200000000000000e+04
3.817000000000000000e+04
3.824800000000000000e+04
3.832600000000000000e+04
3.840400000000000000e+04
3.848200000000000000e+04
3.856000000000000000e+04
3.863800000000000000e+04
3.871600000000000000e+04
3.879400000000000000e+04
3.887200000000000000e+04
3.895000000000000000e+04
3.902800000000000000e+04
3.910600000000000000e+04
3.918400000000000000e+04
3.926200000000000000e+04
3.934000000000000000e+04
3.941800000000000000e+04
3.949600000000000000e+04
3.957400000000000000e+04
3.965200000000000000e+04
3.973000000000000000e+04
3.980800000000000000e+04
3.988600000000000000e+04
3.996400000000000000e+04
4.004200000000000000e+04
4.012000000000000000e+04
4.019800000000000000e+04
4.027600000000000000e+04
4.035400000000000000e+04
4.043200000000000000e+04
4.051000000000000000e+04
4.058800000000000000e+04
4.066600000000000000e+04
4.074400000000000000e+04
4.082200000000000000e+04
4.090000000000000000e+04
4.097800000000000000e+04
4.105600000000000000e+04
4.113400000000000000e+04
4.121200000000000000e+04
4.129000000000000000e+04
4.136800000000000000e+04
4.144600000000000000e+04
4.152400000000000000e+04
4.160200000000000000e+04
4.168000000000000000e+04
4.175800000000000000e+04
4.183600000000000000e+04
4.191400000000000000e+04
4.199200000000000000e+04
4.207000000000000000e+04
4.214800000000000000e+04
4.222600000000000000e+04
4.230400000000000000e+04
4.238200000000000000e+04
4.246000000000000000e+04
4.253800000000000000e+04
4.261600000000000000e+04
4.269400000000000000e+04
4.277200000000000000e+04
4.285000000000000000e+04
4.292800000000000000e+04
4.300600000000000000e+04
4.308400000000000000e+04
4.316200000000000000e+04
4.324000000000000000e+04
4.331800000000000000e+04
4.339600000000000000e+04
4.347400000000000000e+04
4.355200000000000000e+04
4.363000000000000000e+04
4.370800000000000000e+04
4.378600000000000000e+04
4.386400000000000000e+04
4.394200000000000000e+04
4.402000000000000000e+04
4.409800000000000000e+04
4.417600000000000000e+04
4.425400000000000000e+04
4.433200000000000000e+04
4.441000000000000000e+04
4.448800000000000000e+04
4.456600000000000000e+04
4.464400000000000000e+04
4.472200000000000000e+04
4.480000000000000000e+04
4.487800000000000000e+04
4.495600000000000000e+04
4.503400000000000000e+04
4.511200000000000000e+04
4.519000000000000000e+04
4.526800000000000000e+04
4.534600000000000000e+04
4.542400000000000000e+04
4.550200000000000000e+04
4.558000000000000000e+04
4.565800000000000000e+04
4.573600000000000000e+04
4.581400000000000000e+04
4.589200000000000000e+04
4.597000000000000000e+04
4.604800000000000000e+04
4.612600000000000000e+04
4.620400000000000000e+04
4.628200000000000000e+04
4.636000000000000000e+04
4.643800000000000000e+04
4.651600000000000000e+04
4.659400000000000000e+04
4.667200000000000000e+04
4.675000000000000000e+04
4.682800000000000000e+04
4.690600000000000000e+04
4.698400000000000000e+04
4.706200000000000000e+04
4.714000000000000000e+04
4.721800000000000000e+04
4.729600000000000000e+04
4.737400000000000000e+04
4.745200000000000000e+04
4.753000000000000000e+04
4.760800000000000000e+04
4.768600000000000000e+04
4.776400000000000000e+04
4.784200000000000000e+04
4.792000000000000000e+04
4.799800000000000000e+04
4.807600000000000000e+04
4.815400000000000000e+04
4.823200000000000000e+04
4.831000000000000000e+04
4.838800000000000000e+04
4.846600000000000000e+04
4.854400000000000000e+04
4.862200000000000000e+04
4.870000000000000000e+04
4.877800000000000000e+04
4.885600000000000000e+04
4.893400000000000000e+04
4.901200000000000000e+04
4.909000000000000000e+04
4.916800000000000000e+04
4.924600000000000000e+04
4.932400000000000000e+04
4.940200000000000000e+04
4.948000000000000000e+04
4.955800000000000000e+04
4.963600000000000000e+04
4.971400000000000000e+04
4.979200000000000000e+04
4.987000000000000000e+04
4.994800000000000000e+04
5.002600000000000000e+04
5.010400000000000000e+04
5.018200000000000000e+04
5.026000000000000000e+04
5.033800000000000000e+04
5.041600000000000000e+04
5.049400000000000000e+04
5.057200000000000000e+04
5.065000000000000000e+04
5.072800000000000000e+04
5.080600000000000000e+04
5.088400000000000000e+04
5.096200000000000000e+04
5.104000000000000000e+04
5.111800000000000000e+04
5.119600000000000000e+04
5.127400000000000000e+04
5.135200000000000000e+04
5.143000000000000000e+04
5.150800000000000000e+04
5.158600000000000000e+04
5.166400000000000000e+04
5.174200000000000000e+04
5.182000000000000000e+04
5.189800000000000000e+04
5.197600000000000000e+04
5.205400000000000000e+04
5.213200000000000000e+04
5.221000000000000000e+04
5.228800000000000000e+04
5.236600000000000000e+04
5.244400000000000000e+04
5.252200000000000000e+04
5.260000000000000000e+04
5.267800000000000000e+04
5.275600000000000000e+04
5.283400000000000000e+04
5.291200000000000000e+04
5.299000000000000000e+04
5.306800000000000000e+04
5.314600000000000000e+04
5.322400000000000000e+04
5.330200000000000000e+04
5.338000000000000000e+04
5.345800000000000000e+04
5.353600000000000000e+04
5.361400000000000000e+04
5.369200000000000000e+04
5.377000000000000000e+04
5.384800000000000000e+04
5.392600000000000000e+04
5.400400000000000000e+04
5.408200000000000000e+04
5.416000000000000000e+04
5.423800000000000000e+04
5.431600000000000000e+04
5.439400000000000000e+04
5.447200000000000000e+04
5.455000000000000000e+04
5.462800000000000000e+04
5.470600000000000000e+04
5.478400000000000000e+04
5.486200000000000000e+04
5.494000000000000000e+04
5.501800000000000000e+04
5.509600000000000000e+04
5.517400000000000000e+04
5.525200000000000000e+04
5.533000000000000000e+04
5.540800000000000000e+04
5.548600000000000000e+04
5.556400000000000000e+04
5.564200000000000000e+04
5.572000000000000000e+04
5.579800000000000000e+04
5.587600000000000000e+04
5.595400000000000000e+04
5.603200000000000000e+04
5.611000000000000000e+04
5.618800000000000000e+04
5.626600000000000000e+04
5.634400000000000000e+04
5.642200000000000000e+04
5.650000000000000000e+04
5.657800000000000000e+04
5.665600000000000000e+04
5.673400000000000000e+04
5.681200000000000000e+04
5.689000000000000000e+04
5.696800000000000000e+04
5.704600000000000000e+04
5.712400000000000000e+04
5.720200000000000000e+04
5.728000000000000000e+04
5.735800000000000000e+04
5.743600000000000000e+04
5.751400000000000000e+04
5.759200000000000000e+04
5.767000000000000000e+04
5.774800000000000000e+04
5.782600000000000000e+04
5.790400000000000000e+04
5.798200000000000000e+04
5.806000000000000000e+04
5.813800000000000000e+04
5.821600000000000000e+04
5.829400000000000000e+04
5.837200000000000000e+04
5.845000000000000000e+04
5.852800000000000000e+04
5.860600000000000000e+04
5.868400000000000000e+04
5.876200000000000000e+04
5.884000000000000000e+04
5.891800000000000000e+04
5.899600000000000000e+04
5.907400000000000000e+04
5.915200000000000000e+04
5.923000000000000000e+04
5.930800000000000000e+04
5.938600000000000000e+04
5.946400000000000000e+04
5.954200000000000000e+04
5.962000000000000000e+04
5.969800000000000000e+04
5.977600000000000000e+04
5.985400000000000000e+04
5.993200000000000000e+04
6.001000000000000000e+04
6.008800000000000000e+04
6.016600000000000000e+04
6.024400000000000000e+04
6.032200000000000000e+04
6.040000000000000000e+04
6.047800000000000000e+04
6.055600000000000000e+04
6.063400000000000000e+04
6.071200000000000000e+04
6.079000000000000000e+04
6.086800000000000000e+04
6.094600000000000000e+04
6.102400000000000000e+04
6.110200000000000000e+04
6.118000000000000000e+04
6.125800000000000000e+04
6.133600000000000000e+04
6.141400000000000000e+04
6.149200000000000000e+04
6.157000000000000000e+04
6.164800000000000000e+04
6.172600000000000000e+04
6.180400000000000000e+04
6.188200000000000000e+04
6.196000000000000000e+04
6.203800000000000000e+04
6.211600000000000000e+04
6.219400000000000000e+04
6.227200000000000000e+04
6.235000000000000000e+04
6.242800000000000000e+04
6.250600000000000000e+04
6.258400000000000000e+04
6.266200000000000000e+04
6.274000000000000000e+04
6.281800000000000000e+04
6.289600000000000000e+04
6.297400000000000000e+04
6.305200000000000000e+04
6.313000000000000000e+04
6.320800000000000000e+04
6.328600000000000000e+04
6.336400000000000000e+04
6.344200000000000000e+04
6.352000000000000000e+04
6.359800000000000000e+04
6.367600000000000000e+04
6.375400000000000000e+04
6.383200000000000000e+04
6.391000000000000000e+04
6.398800000000000000e+04
6.406600000000000000e+04
6.414400000000000000e+04
6.422200000000000000e+04
6.430000000000000000e+04
6.437800000000000000e+04
6.445600000000000000e+04
6.453400000000000000e+04
6.461200000000000000e+04
6.469000000000000000e+04
6.476800000000000000e+04
6.484600000000000000e+04
6.492400000000000000e+04
6.500200000000000000e+04
6.508000000000000000e+04
6.515800000000000000e+04
6.523600000000000000e+04
6.531400000000000000e+04
6.539200000000000000e+04
6.547000000000000000e+04
6.554800000000000000e+04
6.562600000000000000e+04
6.570400000000000000e+04
6.578200000000000000e+04
6.586000000000000000e+04
6.593800000000000000e+04
6.601600000000000000e+04
6.609400000000000000e+04
6.617200000000000000e+04
6.625000000000000000e+04
6.632800000000000000e+04
6.640600000000000000e+04
6.648400000000000000e+04
6.656200000000000000e+04
6.664000000000000000e+04
6.671800000000000000e+04
6.679600000000000000e+04
6.687400000000000000e+04
6.695200000000000000e+04
6.703000000000000000e+04
6.710800000000000000e+04
6.718600000000000000e+04
6.726400000000000000e+04
6.734200000000000000e+04
6.742000000000000000e+04
6.749800000000000000e+04
6.757600000000000000e+04
6.765400000000000000e+04
6.773200000000000000e+04
6.781000000000000000e+04
6.788800000000000000e+04
6.796600000000000000e+04
6.804400000000000000e+04
6.812200000000000000e+04
6.820000000000000000e+04
6.827800000000000000e+04
6.835600000000000000e+04
6.843400000000000000e+04
6.851200000000000000e+04
6.859000000000000000e+04
6.866800000000000000e+04
6.874600000000000000e+04
6.882400000000000000e+04
6.890200000000000000e+04
6.898000000000000000e+04
6.905800000000000000e+04
6.913600000000000000e+04
6.921400000000000000e+04
6.929200000000000000e+04
6.937000000000000000e+04
6.944800000000000000e+04
6.952600000000000000e+04
6.960400000000000000e+04
6.968200000000000000e+04
6.976000000000000000e+04
6.983800000000000000e+04
6.991600000000000000e+04
6.999400000000000000e+04
7.007200000000000000e+04
7.015000000000000000e+04
7.022800000000000000e+04
7.030600000000000000e+04
7.038400000000000000e+04
7.046200000000000000e+04
7.054000000000000000e+04
7.061800000000000000e+04
7.069600000000000000e+04
7.077400000000000000e+04
7.085200000000000000e+04
7.093000000000000000e+04
7.100800000000000000e+04
7.108600000000000000e+04
7.116400000000000000e+04
7.124200000000000000e+04
7.132000000000000000e+04
7.139800000000000000e+04
7.147600000000000000e+04
7.155400000000000000e+04
7.163200000000000000e+04
7.171000000000000000e+04
7.178800000000000000e+04
7.186600000000000000e+04
7.194400000000000000e+04
7.202200000000000000e+04
7.210000000000000000e+04
7.217800000000000000e+04
7.225600000000000000e+04
7.233400000000000000e+04
7.241200000000000000e+04
7.249000000000000000e+04
7.256800000000000000e+04
7.264600000000000000e+04
7.272400000000000000e+04
7.280200000000000000e+04
7.288000000000000000e+04
7.295800000000000000e+04
7.303600000000000000e+04
7.311400000000000000e+04
7.319200000000000000e+04
7.327000000000000000e+04
7.334800000000000000e+04
7.342600000000000000e+04
7.350400000000000000e+04
7.358200000000000000e+04
7.366000000000000000e+04
7.373800000000000000e+04
7.381600000000000000e+04
7.389400000000000000e+04
7.397200000000000000e+04
7.405000000000000000e+04
7.412800000000000000e+04
7.420600000000000000e+04
7.428400000000000000e+04
7.436200000000000000e+04
7.444000000000000000e+04
7.451800000000000000e+04
7.459600000000000000e+04
7.467400000000000000e+04
7.475200000000000000e+04
7.483000000000000000e+04
7.490800000000000000e+04
7.498600000000000000e+04
7.506400000000000000e+04
7.514200000000000000e+04
7.522000000000000000e+04
7.529800000000000000e+04
7.537600000000000000e+04
7.545400000000000000e+04
7.553200000000000000e+04
7.561000000000000000e+04
7.568800000000000000e+04
7.576600000000000000e+04
7.584400000000000000e+04
7.592200000000000000e+04
7.600000000000000000e+04
7.607800000000000000e+04
7.615600000000000000e+04
7.623400000000000000e+04
7.631200000000000000e+04
7.639000000000000000e+04
7.646800000000000000e+04
7.654600000000000000e+04
7.662400000000000000e+04
7.670200000000000000e+04
7.678000000000000000e+04
7.685800000000000000e+04
7.693600000000000000e+04
7.701400000000000000e+04
7.709200000000000000e+04
7.717000000000000000e+04
7.724800000000000000e+04
7.732600000000000000e+04
7.740400000000000000e+04
7.748200000000000000e+04
7.756000000000000000e+04
7.763800000000000000e+04
7.771600000000000000e+04
7.779400000000000000e+04
7.787200000000000000e+04
7.795000000000000000e+04
7.802800000000000000e+04
7.810600000000000000e+04
7.818400000000000000e+04
7.826200000000000000e+04
7.834000000000000000e+04
7.841800000000000000e+04
7.849600000000000000e+04
7.857400000000000000e+04
7.865200000000000000e+04
7.873000000000000000e+04
7.880800000000000000e+04
7.888600000000000000e+04
7.896400000000000000e+04
7.904200000000000000e+04
7.912000000000000000e+04
7.919800000000000000e+04
7.927600000000000000e+04
7.935400000000000000e+04
7.943200000000000000e+04
7.951000000000000000e+04
7.958800000000000000e+04
7.966600000000000000e+04
7.974400000000000000e+04
7.982200000000000000e+04
7.990000000000000000e+04
7.997800000000000000e+04
8.005600000000000000e+04
8.013400000000000000e+04
8.021200000000000000e+04
