2.869600000000000000e+05
3.236130000000000000e+05
3.946060000000000000e+05
4.499850000000000000e+05
4.815930000000000000e+05
5.398800000000000000e+05
5.796050000000000000e+05
6.035420000000000000e+05
5.841000000000000000e+05
5.355220000000000000e+05
4.445500000000000000e+05
3.835680000000000000e+05
2.995560000000000000e+05
2.346690000000000000e+05
1.701660000000000000e+05
1.258790000000000000e+05
1.011060000000000000e+05
8.736800000000000000e+04
6.015200000000000000e+04
4.742500000000000000e+04
4.248400000000000000e+04
3.728000000000000000e+04
3.343400000000000000e+04
3.160200000000000000e+04
3.033600000000000000e+04
2.852000000000000000e+04
3.254900000000000000e+04
3.644900000000000000e+04
4.225500000000000000e+04
4.931900000000000000e+04
5.915000000000000000e+04
6.843200000000000000e+04
7.752000000000000000e+04
8.217900000000000000e+04
9.003400000000000000e+04
9.824100000000000000e+04
1.081280000000000000e+05
1.141560000000000000e+05
1.229800000000000000e+05
1.345520000000000000e+05
1.461600000000000000e+05
1.515480000000000000e+05
1.609560000000000000e+05
1.690200000000000000e+05
1.787500000000000000e+05
1.873720000000000000e+05
1.950480000000000000e+05
1.962720000000000000e+05
1.983800000000000000e+05
1.932000000000000000e+05
1.856250000000000000e+05
1.717500000000000000e+05
1.570800000000000000e+05
1.293630000000000000e+05
1.181700000000000000e+05
1.078230000000000000e+05
1.021020000000000000e+05
9.609600000000000000e+04
9.190400000000000000e+04
8.895600000000000000e+04
8.763000000000000000e+04
8.143200000000000000e+04
8.035800000000000000e+04
8.068200000000000000e+04
7.905900000000000000e+04
7.955000000000000000e+04
8.482500000000000000e+04
8.709600000000000000e+04
9.341200000000000000e+04
9.416600000000000000e+04
9.751000000000000000e+04
1.015920000000000000e+05
1.054720000000000000e+05
1.092000000000000000e+05
1.161000000000000000e+05
1.194360000000000000e+05
1.290800000000000000e+05
1.357520000000000000e+05
1.473120000000000000e+05
1.494900000000000000e+05
1.574400000000000000e+05
1.608000000000000000e+05
1.606480000000000000e+05
1.548040000000000000e+05
1.496000000000000000e+05
1.337970000000000000e+05
1.258520000000000000e+05
1.226700000000000000e+05
1.191300000000000000e+05
1.155060000000000000e+05
1.101600000000000000e+05
1.065330000000000000e+05
1.032200000000000000e+05
1.007290000000000000e+05
9.511500000000000000e+04
9.061100000000000000e+04
8.200500000000000000e+04
8.004000000000000000e+04
7.718000000000000000e+04
7.403500000000000000e+04
6.942200000000000000e+04
6.948800000000000000e+04
7.180800000000000000e+04
7.586700000000000000e+04
7.779200000000000000e+04
8.217600000000000000e+04
8.641100000000000000e+04
9.090000000000000000e+04
9.545000000000000000e+04
1.027700000000000000e+05
1.098000000000000000e+05
1.159200000000000000e+05
1.226260000000000000e+05
1.290800000000000000e+05
1.303390000000000000e+05
1.333540000000000000e+05
1.353590000000000000e+05
1.225360000000000000e+05
1.225500000000000000e+05
1.229200000000000000e+05
1.260540000000000000e+05
1.278750000000000000e+05
1.346160000000000000e+05
1.388820000000000000e+05
1.397120000000000000e+05
1.381680000000000000e+05
1.343340000000000000e+05
1.305100000000000000e+05
1.173830000000000000e+05
1.118790000000000000e+05
1.096000000000000000e+05
1.072890000000000000e+05
1.004850000000000000e+05
9.361300000000000000e+04
8.819100000000000000e+04
8.131200000000000000e+04
7.424100000000000000e+04
6.897000000000000000e+04
6.568800000000000000e+04
6.382800000000000000e+04
6.376500000000000000e+04
6.526800000000000000e+04
6.627700000000000000e+04
6.922500000000000000e+04
7.303200000000000000e+04
7.498400000000000000e+04
7.795800000000000000e+04
8.117200000000000000e+04
8.411300000000000000e+04
7.978800000000000000e+04
8.190600000000000000e+04
8.646400000000000000e+04
8.966500000000000000e+04
9.510800000000000000e+04
9.682000000000000000e+04
1.021650000000000000e+05
1.038330000000000000e+05
1.076830000000000000e+05
1.106840000000000000e+05
1.127390000000000000e+05
1.087940000000000000e+05
1.105380000000000000e+05
1.114080000000000000e+05
1.139700000000000000e+05
1.186360000000000000e+05
1.241180000000000000e+05
1.301500000000000000e+05
1.370520000000000000e+05
1.433440000000000000e+05
1.471680000000000000e+05
1.514700000000000000e+05
1.584100000000000000e+05
1.608820000000000000e+05
1.613960000000000000e+05
1.639080000000000000e+05
1.636990000000000000e+05
1.641600000000000000e+05
1.607760000000000000e+05
1.570920000000000000e+05
1.537450000000000000e+05
1.499300000000000000e+05
1.329900000000000000e+05
1.299600000000000000e+05
1.271820000000000000e+05
1.239880000000000000e+05
1.207250000000000000e+05
1.177760000000000000e+05
1.155600000000000000e+05
1.144800000000000000e+05
1.152060000000000000e+05
1.156280000000000000e+05
1.128900000000000000e+05
1.144940000000000000e+05
1.176380000000000000e+05
1.215620000000000000e+05
1.238160000000000000e+05
1.267200000000000000e+05
1.333320000000000000e+05
1.375920000000000000e+05
1.439200000000000000e+05
1.497020000000000000e+05
1.564500000000000000e+05
1.630170000000000000e+05
1.721590000000000000e+05
1.769070000000000000e+05
1.785240000000000000e+05
1.856910000000000000e+05
1.915200000000000000e+05
1.945860000000000000e+05
1.982320000000000000e+05
1.917480000000000000e+05
1.832160000000000000e+05
1.759380000000000000e+05
1.592640000000000000e+05
1.454130000000000000e+05
1.341590000000000000e+05
1.168480000000000000e+05
1.148400000000000000e+05
1.140480000000000000e+05
1.127280000000000000e+05
1.116720000000000000e+05
1.131300000000000000e+05
1.128600000000000000e+05
1.117750000000000000e+05
1.124060000000000000e+05
1.167400000000000000e+05
1.181510000000000000e+05
1.260630000000000000e+05
1.315240000000000000e+05
1.422750000000000000e+05
1.503980000000000000e+05
1.592850000000000000e+05
1.658160000000000000e+05
1.752520000000000000e+05
1.825320000000000000e+05
1.911490000000000000e+05
1.934730000000000000e+05
1.963780000000000000e+05
1.975400000000000000e+05
2.019500000000000000e+05
1.978830000000000000e+05
1.975320000000000000e+05
1.919500000000000000e+05
1.887150000000000000e+05
1.817760000000000000e+05
1.745250000000000000e+05
1.712000000000000000e+05
1.701300000000000000e+05
1.681560000000000000e+05
1.637100000000000000e+05
1.504300000000000000e+05
1.396500000000000000e+05
1.328100000000000000e+05
1.300020000000000000e+05
1.255800000000000000e+05
1.135230000000000000e+05
1.210000000000000000e+05
1.313070000000000000e+05
1.371900000000000000e+05
1.481620000000000000e+05
1.550400000000000000e+05
1.650150000000000000e+05
1.728720000000000000e+05
1.850160000000000000e+05
1.921850000000000000e+05
2.001330000000000000e+05
2.030100000000000000e+05
2.053600000000000000e+05
2.038140000000000000e+05
2.060560000000000000e+05
2.083840000000000000e+05
2.083850000000000000e+05
2.056740000000000000e+05
1.989500000000000000e+05
1.920500000000000000e+05
1.889280000000000000e+05
1.890900000000000000e+05
1.880080000000000000e+05
1.766810000000000000e+05
1.662160000000000000e+05
1.566630000000000000e+05
1.520280000000000000e+05
1.443000000000000000e+05
1.279200000000000000e+05
1.313130000000000000e+05
1.375490000000000000e+05
1.428420000000000000e+05
1.493100000000000000e+05
1.567820000000000000e+05
1.653120000000000000e+05
1.708200000000000000e+05
1.823360000000000000e+05
1.900800000000000000e+05
1.958160000000000000e+05
2.021240000000000000e+05
2.048580000000000000e+05
2.048280000000000000e+05
2.107950000000000000e+05
2.113230000000000000e+05
2.124500000000000000e+05
2.092410000000000000e+05
2.109840000000000000e+05
2.090950000000000000e+05
2.071920000000000000e+05
1.969590000000000000e+05
1.946880000000000000e+05
1.815820000000000000e+05
1.722600000000000000e+05
1.638000000000000000e+05
1.604540000000000000e+05
1.527120000000000000e+05
1.495970000000000000e+05
1.318380000000000000e+05
1.372860000000000000e+05
1.414800000000000000e+05
1.509750000000000000e+05
1.551240000000000000e+05
1.618680000000000000e+05
1.667430000000000000e+05
1.765950000000000000e+05
1.804560000000000000e+05
1.862960000000000000e+05
1.899240000000000000e+05
1.968960000000000000e+05
1.978190000000000000e+05
2.008490000000000000e+05
2.012800000000000000e+05
2.052750000000000000e+05
2.023000000000000000e+05
2.036480000000000000e+05
2.028060000000000000e+05
2.038950000000000000e+05
2.029600000000000000e+05
2.041650000000000000e+05
1.984930000000000000e+05
1.899040000000000000e+05
1.822340000000000000e+05
1.798500000000000000e+05
1.710840000000000000e+05
1.696940000000000000e+05
1.493030000000000000e+05
1.553820000000000000e+05
1.576400000000000000e+05
1.658700000000000000e+05
1.684890000000000000e+05
1.743300000000000000e+05
1.776000000000000000e+05
1.884260000000000000e+05
1.924190000000000000e+05
2.009170000000000000e+05
2.043500000000000000e+05
2.103680000000000000e+05
2.123550000000000000e+05
2.178000000000000000e+05
2.138430000000000000e+05
2.158780000000000000e+05
2.116920000000000000e+05
2.117010000000000000e+05
2.077920000000000000e+05
2.072110000000000000e+05
2.038160000000000000e+05
2.031040000000000000e+05
1.897310000000000000e+05
1.807280000000000000e+05
1.729920000000000000e+05
1.707660000000000000e+05
1.634800000000000000e+05
1.646100000000000000e+05
1.523200000000000000e+05
1.590160000000000000e+05
1.613100000000000000e+05
1.676080000000000000e+05
1.705260000000000000e+05
1.769720000000000000e+05
1.784930000000000000e+05
1.880860000000000000e+05
1.923570000000000000e+05
2.013000000000000000e+05
2.066950000000000000e+05
2.131360000000000000e+05
2.134820000000000000e+05
2.189400000000000000e+05
2.228940000000000000e+05
2.255220000000000000e+05
2.196960000000000000e+05
2.152080000000000000e+05
2.095200000000000000e+05
2.041250000000000000e+05
1.984500000000000000e+05
1.938360000000000000e+05
1.864800000000000000e+05
1.770180000000000000e+05
1.691550000000000000e+05
1.654520000000000000e+05
1.604330000000000000e+05
1.621800000000000000e+05
1.517600000000000000e+05
1.581580000000000000e+05
1.598920000000000000e+05
1.667320000000000000e+05
1.693540000000000000e+05
1.746000000000000000e+05
1.758120000000000000e+05
1.847340000000000000e+05
1.892490000000000000e+05
1.962520000000000000e+05
2.009170000000000000e+05
2.076690000000000000e+05
2.106720000000000000e+05
2.182400000000000000e+05
2.221200000000000000e+05
2.244750000000000000e+05
2.227690000000000000e+05
2.221560000000000000e+05
2.180420000000000000e+05
2.095100000000000000e+05
2.011400000000000000e+05
1.957120000000000000e+05
1.870350000000000000e+05
1.808310000000000000e+05
1.737160000000000000e+05
1.708160000000000000e+05
1.662250000000000000e+05
1.672440000000000000e+05
1.667010000000000000e+05
1.592640000000000000e+05
1.607320000000000000e+05
1.661480000000000000e+05
1.684750000000000000e+05
1.731210000000000000e+05
1.749150000000000000e+05
1.834900000000000000e+05
1.867950000000000000e+05
1.934280000000000000e+05
1.974560000000000000e+05
2.044170000000000000e+05
2.051660000000000000e+05
2.115840000000000000e+05
2.154850000000000000e+05
2.202100000000000000e+05
2.207040000000000000e+05
2.192340000000000000e+05
2.140730000000000000e+05
2.098800000000000000e+05
2.059200000000000000e+05
2.027480000000000000e+05
1.922380000000000000e+05
1.843680000000000000e+05
1.787100000000000000e+05
1.758540000000000000e+05
1.706920000000000000e+05
1.734720000000000000e+05
1.732900000000000000e+05
1.747200000000000000e+05
1.641520000000000000e+05
1.690350000000000000e+05
1.705100000000000000e+05
1.751600000000000000e+05
1.752000000000000000e+05
1.831440000000000000e+05
1.852600000000000000e+05
1.924560000000000000e+05
1.961440000000000000e+05
2.015260000000000000e+05
2.016000000000000000e+05
2.070000000000000000e+05
2.107410000000000000e+05
2.131290000000000000e+05
2.117010000000000000e+05
2.099160000000000000e+05
2.075640000000000000e+05
2.062720000000000000e+05
2.032290000000000000e+05
2.006400000000000000e+05
1.949250000000000000e+05
1.901790000000000000e+05
1.880460000000000000e+05
1.839110000000000000e+05
1.775920000000000000e+05
1.784710000000000000e+05
1.780380000000000000e+05
1.789800000000000000e+05
1.764840000000000000e+05
1.731210000000000000e+05
1.743170000000000000e+05
1.781440000000000000e+05
1.781800000000000000e+05
1.856090000000000000e+05
1.882980000000000000e+05
1.937000000000000000e+05
1.964130000000000000e+05
2.011100000000000000e+05
2.011100000000000000e+05
2.054240000000000000e+05
2.067390000000000000e+05
2.075640000000000000e+05
2.047500000000000000e+05
2.038080000000000000e+05
1.999880000000000000e+05
1.988310000000000000e+05
1.955100000000000000e+05
1.964020000000000000e+05
1.923220000000000000e+05
1.885760000000000000e+05
1.855750000000000000e+05
1.867170000000000000e+05
1.845750000000000000e+05
1.895720000000000000e+05
1.865500000000000000e+05
1.863710000000000000e+05
1.818530000000000000e+05
1.830620000000000000e+05
1.772740000000000000e+05
1.811300000000000000e+05
1.817640000000000000e+05
1.892490000000000000e+05
1.910810000000000000e+05
1.962000000000000000e+05
1.983300000000000000e+05
2.029800000000000000e+05
2.011100000000000000e+05
2.059100000000000000e+05
2.039280000000000000e+05
2.052160000000000000e+05
2.011440000000000000e+05
1.987080000000000000e+05
1.942560000000000000e+05
1.919830000000000000e+05
1.886040000000000000e+05
1.873400000000000000e+05
1.823810000000000000e+05
1.782960000000000000e+05
1.765690000000000000e+05
1.781540000000000000e+05
1.767480000000000000e+05
1.826480000000000000e+05
1.857620000000000000e+05
1.897600000000000000e+05
1.892840000000000000e+05
1.932420000000000000e+05
1.926760000000000000e+05
1.950920000000000000e+05
1.936000000000000000e+05
1.993740000000000000e+05
1.996500000000000000e+05
2.035480000000000000e+05
2.041520000000000000e+05
2.073450000000000000e+05
2.052000000000000000e+05
2.089500000000000000e+05
2.084940000000000000e+05
2.101600000000000000e+05
2.063880000000000000e+05
2.050930000000000000e+05
2.005660000000000000e+05
1.990560000000000000e+05
1.944810000000000000e+05
1.939730000000000000e+05
1.874880000000000000e+05
1.838100000000000000e+05
1.806420000000000000e+05
1.833000000000000000e+05
1.799220000000000000e+05
1.849600000000000000e+05
1.857620000000000000e+05
1.897600000000000000e+05
1.892840000000000000e+05
1.932420000000000000e+05
1.926760000000000000e+05
1.950920000000000000e+05
1.936000000000000000e+05
1.993740000000000000e+05
1.996500000000000000e+05
2.035480000000000000e+05
2.041520000000000000e+05
2.073450000000000000e+05
2.052000000000000000e+05
2.089500000000000000e+05
2.084940000000000000e+05
2.101600000000000000e+05
2.063880000000000000e+05
2.050930000000000000e+05
2.005660000000000000e+05
1.990560000000000000e+05
1.944810000000000000e+05
1.939730000000000000e+05
1.874880000000000000e+05
1.838100000000000000e+05
1.806420000000000000e+05
1.833000000000000000e+05
1.799220000000000000e+05
1.849600000000000000e+05
1.857620000000000000e+05
1.897600000000000000e+05
1.892840000000000000e+05
1.932420000000000000e+05
1.926760000000000000e+05
1.950920000000000000e+05
1.936000000000000000e+05
1.993740000000000000e+05
1.996500000000000000e+05
2.035480000000000000e+05
2.041520000000000000e+05
2.073450000000000000e+05
2.052000000000000000e+05
2.089500000000000000e+05
2.084940000000000000e+05
2.101600000000000000e+05
2.063880000000000000e+05
2.050930000000000000e+05
2.005660000000000000e+05
1.990560000000000000e+05
1.944810000000000000e+05
1.939730000000000000e+05
1.874880000000000000e+05
1.838100000000000000e+05
1.806420000000000000e+05
1.833000000000000000e+05
1.799220000000000000e+05
1.849600000000000000e+05
1.857620000000000000e+05
1.897600000000000000e+05
1.892840000000000000e+05
1.932420000000000000e+05
1.926760000000000000e+05
1.950920000000000000e+05
1.936000000000000000e+05
1.993740000000000000e+05
1.996500000000000000e+05
2.035480000000000000e+05
2.041520000000000000e+05
2.073450000000000000e+05
2.052000000000000000e+05
2.089500000000000000e+05
2.084940000000000000e+05
2.101600000000000000e+05
2.063880000000000000e+05
2.050930000000000000e+05
2.005660000000000000e+05
1.990560000000000000e+05
1.944810000000000000e+05
1.939730000000000000e+05
1.874880000000000000e+05
1.838100000000000000e+05
1.806420000000000000e+05
1.833000000000000000e+05
1.799220000000000000e+05
1.849600000000000000e+05
1.857620000000000000e+05
1.897600000000000000e+05
1.892840000000000000e+05
1.932420000000000000e+05
1.926760000000000000e+05
1.950920000000000000e+05
1.936000000000000000e+05
1.993740000000000000e+05
1.996500000000000000e+05
2.035480000000000000e+05
2.041520000000000000e+05
2.073450000000000000e+05
2.052000000000000000e+05
2.089500000000000000e+05
2.084940000000000000e+05
2.101600000000000000e+05
2.063880000000000000e+05
2.050930000000000000e+05
2.005660000000000000e+05
1.990560000000000000e+05
1.944810000000000000e+05
1.939730000000000000e+05
1.874880000000000000e+05
1.838100000000000000e+05
1.806420000000000000e+05
1.833000000000000000e+05
1.799220000000000000e+05
1.849600000000000000e+05
1.857620000000000000e+05
1.897600000000000000e+05
1.892840000000000000e+05
1.932420000000000000e+05
1.926760000000000000e+05
1.950920000000000000e+05
1.936000000000000000e+05
1.993740000000000000e+05
1.996500000000000000e+05
2.035480000000000000e+05
2.041520000000000000e+05
2.073450000000000000e+05
2.052000000000000000e+05
2.089500000000000000e+05
2.084940000000000000e+05
2.101600000000000000e+05
2.063880000000000000e+05
2.050930000000000000e+05
2.005660000000000000e+05
1.990560000000000000e+05
1.944810000000000000e+05
1.939730000000000000e+05
1.874880000000000000e+05
1.838100000000000000e+05
1.806420000000000000e+05
1.833000000000000000e+05
1.799220000000000000e+05
1.849600000000000000e+05
1.857620000000000000e+05
1.897600000000000000e+05
1.892840000000000000e+05
1.932420000000000000e+05
1.926760000000000000e+05
1.950920000000000000e+05
1.936000000000000000e+05
1.993740000000000000e+05
1.996500000000000000e+05
2.035480000000000000e+05
2.041520000000000000e+05
2.073450000000000000e+05
2.052000000000000000e+05
2.089500000000000000e+05
2.084940000000000000e+05
2.101600000000000000e+05
2.063880000000000000e+05
2.050930000000000000e+05
2.005660000000000000e+05
1.990560000000000000e+05
1.944810000000000000e+05
1.939730000000000000e+05
1.874880000000000000e+05
1.838100000000000000e+05
1.806420000000000000e+05
1.833000000000000000e+05
1.799220000000000000e+05
1.849600000000000000e+05
1.857620000000000000e+05
1.897600000000000000e+05
1.892840000000000000e+05
1.932420000000000000e+05
1.926760000000000000e+05
1.950920000000000000e+05
1.936000000000000000e+05
1.993740000000000000e+05
1.996500000000000000e+05
2.035480000000000000e+05
2.041520000000000000e+05
2.073450000000000000e+05
2.052000000000000000e+05
2.089500000000000000e+05
2.084940000000000000e+05
2.101600000000000000e+05
2.063880000000000000e+05
2.050930000000000000e+05
2.005660000000000000e+05
1.990560000000000000e+05
1.944810000000000000e+05
1.939730000000000000e+05
1.874880000000000000e+05
1.838100000000000000e+05
1.806420000000000000e+05
1.833000000000000000e+05
1.799220000000000000e+05
1.849600000000000000e+05
1.857620000000000000e+05
1.897600000000000000e+05
1.892840000000000000e+05
1.932420000000000000e+05
1.926760000000000000e+05
1.950920000000000000e+05
1.936000000000000000e+05
1.993740000000000000e+05
1.996500000000000000e+05
2.035480000000000000e+05
2.041520000000000000e+05
2.073450000000000000e+05
2.052000000000000000e+05
2.089500000000000000e+05
2.084940000000000000e+05
2.101600000000000000e+05
2.063880000000000000e+05
2.050930000000000000e+05
2.005660000000000000e+05
1.990560000000000000e+05
1.944810000000000000e+05
1.939730000000000000e+05
1.874880000000000000e+05
1.838100000000000000e+05
1.806420000000000000e+05
1.833000000000000000e+05
1.799220000000000000e+05
1.849600000000000000e+05
1.857620000000000000e+05
1.897600000000000000e+05
1.892840000000000000e+05
1.932420000000000000e+05
1.926760000000000000e+05
1.950920000000000000e+05
1.936000000000000000e+05
1.993740000000000000e+05
1.996500000000000000e+05
2.035480000000000000e+05
2.041520000000000000e+05
2.073450000000000000e+05
2.052000000000000000e+05
2.089500000000000000e+05
2.084940000000000000e+05
2.101600000000000000e+05
2.063880000000000000e+05
2.050930000000000000e+05
2.005660000000000000e+05
1.990560000000000000e+05
1.944810000000000000e+05
1.939730000000000000e+05
1.874880000000000000e+05
1.838100000000000000e+05
1.806420000000000000e+05
1.833000000000000000e+05
1.799220000000000000e+05
1.849600000000000000e+05
1.857620000000000000e+05
1.897600000000000000e+05
1.892840000000000000e+05
1.932420000000000000e+05
1.926760000000000000e+05
1.950920000000000000e+05
1.936000000000000000e+05
1.993740000000000000e+05
1.996500000000000000e+05
2.035480000000000000e+05
2.041520000000000000e+05
2.073450000000000000e+05
2.052000000000000000e+05
2.089500000000000000e+05
2.084940000000000000e+05
2.101600000000000000e+05
2.063880000000000000e+05
2.050930000000000000e+05
2.005660000000000000e+05
1.990560000000000000e+05
1.944810000000000000e+05
1.939730000000000000e+05
1.874880000000000000e+05
1.838100000000000000e+05
1.806420000000000000e+05
1.833000000000000000e+05
1.799220000000000000e+05
1.849600000000000000e+05
1.857620000000000000e+05
1.897600000000000000e+05
1.892840000000000000e+05
1.932420000000000000e+05
1.926760000000000000e+05
1.950920000000000000e+05
1.936000000000000000e+05
1.993740000000000000e+05
1.996500000000000000e+05
2.035480000000000000e+05
2.041520000000000000e+05
2.073450000000000000e+05
2.052000000000000000e+05
2.089500000000000000e+05
2.084940000000000000e+05
2.101600000000000000e+05
2.063880000000000000e+05
2.050930000000000000e+05
2.005660000000000000e+05
1.990560000000000000e+05
1.944810000000000000e+05
1.939730000000000000e+05
1.874880000000000000e+05
1.838100000000000000e+05
1.806420000000000000e+05
1.833000000000000000e+05
1.799220000000000000e+05
1.849600000000000000e+05
1.857620000000000000e+05
1.897600000000000000e+05
1.892840000000000000e+05
1.932420000000000000e+05
1.926760000000000000e+05
1.950920000000000000e+05
1.936000000000000000e+05
1.993740000000000000e+05
1.996500000000000000e+05
2.035480000000000000e+05
2.041520000000000000e+05
2.073450000000000000e+05
2.052000000000000000e+05
2.089500000000000000e+05
2.084940000000000000e+05
2.101600000000000000e+05
2.063880000000000000e+05
2.050930000000000000e+05
2.005660000000000000e+05
1.990560000000000000e+05
1.944810000000000000e+05
1.939730000000000000e+05
1.874880000000000000e+05
1.838100000000000000e+05
1.806420000000000000e+05
1.833000000000000000e+05
1.799220000000000000e+05
1.849600000000000000e+05
1.857620000000000000e+05
1.897600000000000000e+05
1.892840000000000000e+05
1.932420000000000000e+05
1.926760000000000000e+05
1.950920000000000000e+05
1.936000000000000000e+05
1.993740000000000000e+05
1.996500000000000000e+05
2.035480000000000000e+05
2.041520000000000000e+05
2.073450000000000000e+05
2.052000000000000000e+05
2.089500000000000000e+05
2.084940000000000000e+05
2.101600000000000000e+05
2.063880000000000000e+05
2.050930000000000000e+05
2.005660000000000000e+05
1.990560000000000000e+05
1.944810000000000000e+05
1.939730000000000000e+05
1.874880000000000000e+05
1.838100000000000000e+05
1.806420000000000000e+05
1.833000000000000000e+05
1.799220000000000000e+05
1.849600000000000000e+05
1.857620000000000000e+05
1.897600000000000000e+05
1.892840000000000000e+05
1.932420000000000000e+05
1.926760000000000000e+05
1.950920000000000000e+05
1.936000000000000000e+05
1.993740000000000000e+05
1.996500000000000000e+05
2.035480000000000000e+05
2.041520000000000000e+05
2.073450000000000000e+05
2.052000000000000000e+05
2.089500000000000000e+05
2.084940000000000000e+05
2.101600000000000000e+05
2.063880000000000000e+05
2.050930000000000000e+05
2.005660000000000000e+05
1.990560000000000000e+05
1.944810000000000000e+05
1.939730000000000000e+05
1.874880000000000000e+05
1.838100000000000000e+05
1.806420000000000000e+05
1.833000000000000000e+05
1.799220000000000000e+05
1.849600000000000000e+05
1.857620000000000000e+05
1.897600000000000000e+05
1.892840000000000000e+05
1.932420000000000000e+05
1.926760000000000000e+05
1.950920000000000000e+05
1.936000000000000000e+05
1.993740000000000000e+05
1.996500000000000000e+05
2.035480000000000000e+05
2.041520000000000000e+05
2.073450000000000000e+05
2.052000000000000000e+05
2.089500000000000000e+05
2.084940000000000000e+05
2.101600000000000000e+05
2.063880000000000000e+05
2.050930000000000000e+05
2.005660000000000000e+05
1.990560000000000000e+05
1.944810000000000000e+05
1.939730000000000000e+05
1.874880000000000000e+05
1.838100000000000000e+05
1.806420000000000000e+05
1.833000000000000000e+05
1.799220000000000000e+05
1.849600000000000000e+05
1.857620000000000000e+05
1.897600000000000000e+05
1.892840000000000000e+05
1.932420000000000000e+05
1.926760000000000000e+05
1.950920000000000000e+05
1.936000000000000000e+05
1.993740000000000000e+05
1.996500000000000000e+05
2.035480000000000000e+05
2.041520000000000000e+05
2.073450000000000000e+05
2.052000000000000000e+05
2.089500000000000000e+05
2.084940000000000000e+05
2.101600000000000000e+05
